48 ports each on 12 slots, with 1 ports per 48 switches
Starting at Fri Nov 20 11:26:38 2015



       144,0
       145,0
       146,0
       147,0
       148,0
       149,0
       150,0
       151,0
       152,0
       153,0
       154,0
       155,0
       156,0
       157,0
       158,0
       159,0
       160,0
       161,0
       162,0
       163,0
       164,0
       165,0
       166,0
       167,0
       168,0
       169,0
       170,0
       171,0
       172,0
       173,0
       174,0
       175,0
       176,0
       177,0
       178,0
       179,0
       180,0
       181,0
       182,0
       183,0
       184,0
       185,0
       186,0
       187,0
       188,0
       189,0
       190,0
       191,0
       192,0
       193,0
       194,0
       195,0
       196,0
       197,0
       198,0
       199,0
       200,0
       201,0
       202,0
       203,0
       204,0
       205,0
       206,0
       207,0
       208,0
       209,0
       210,0
       211,0
       212,0
       213,0
       214,0
       215,0
       216,0
       217,0
       218,0
       219,0
       220,0
       221,0
       222,0
       223,0
       224,0
       225,0
       226,1
       227,0
       228,0
       229,0
       230,0
       231,0
       232,1
       233,0
       234,0
       235,1
       236,1
       237,2
       238,4
       239,4
       240,2
       241,6
       242,7
       243,6
       244,19
       245,18
       246,22
       247,28
       248,46
       249,43
       250,51
       251,79
       252,85
       253,126
       254,127
       255,168
       256,191
       257,267
       258,335
       259,378
       260,448
       261,480
       262,566
       263,582
       264,628
       265,640
       266,654
       267,677
       268,646
       269,570
       270,462
       271,458
       272,369
       273,245
       274,196
       275,153
       276,95
       277,47
       278,35
       279,13
       280,13
       281,4
       282,0
       283,1
       284,0
       285,0
       286,0
       287,0
       288,0
129 seconds elapsed for 10000 iterations

